# Blender 5.1.2
# www.blender.org
mtllib Enviroment-NONSITE.mtl
o Cabin_Floor
v -2.050000 -0.250000 0.000000
v 2.050000 -0.250000 0.000000
v 2.050000 -0.250000 -8.900000
v -2.050000 -0.250000 -8.900000
v -2.050000 0.000000 0.000000
v 2.050000 0.000000 0.000000
v 2.050000 0.000000 -8.900000
v -2.050000 0.000000 -8.900000
vn -0.0000 -1.0000 -0.0000
vn -0.0000 1.0000 -0.0000
vn -0.0000 -0.0000 1.0000
vn 1.0000 -0.0000 -0.0000
vn -0.0000 -0.0000 -1.0000
vn -1.0000 -0.0000 -0.0000
s 0
usemtl C_WoodMed
f 1//1 4//1 3//1 2//1
f 5//2 6//2 7//2 8//2
f 1//3 2//3 6//3 5//3
f 2//4 3//4 7//4 6//4
f 3//5 4//5 8//5 7//5
f 4//6 1//6 5//6 8//6
o Found_RimBeam_R
v 1.870000 -0.550000 0.000000
v 2.050000 -0.550000 0.000000
v 2.050000 -0.550000 -8.900000
v 1.870000 -0.550000 -8.900000
v 1.870000 -0.250000 0.000000
v 2.050000 -0.250000 0.000000
v 2.050000 -0.250000 -8.900000
v 1.870000 -0.250000 -8.900000
vn -0.0000 -1.0000 -0.0000
vn -0.0000 1.0000 -0.0000
vn -0.0000 -0.0000 1.0000
vn 1.0000 -0.0000 -0.0000
vn -0.0000 -0.0000 -1.0000
vn -1.0000 -0.0000 -0.0000
s 0
usemtl C_Timber
f 9//7 12//7 11//7 10//7
f 13//8 14//8 15//8 16//8
f 9//9 10//9 14//9 13//9
f 10//10 11//10 15//10 14//10
f 11//11 12//11 16//11 15//11
f 12//12 9//12 13//12 16//12
o Found_RimBeam_L
v -2.050000 -0.550000 0.000000
v -1.870000 -0.550000 0.000000
v -1.870000 -0.550000 -8.900000
v -2.050000 -0.550000 -8.900000
v -2.050000 -0.250000 0.000000
v -1.870000 -0.250000 0.000000
v -1.870000 -0.250000 -8.900000
v -2.050000 -0.250000 -8.900000
vn -0.0000 -1.0000 -0.0000
vn -0.0000 1.0000 -0.0000
vn -0.0000 -0.0000 1.0000
vn 1.0000 -0.0000 -0.0000
vn -0.0000 -0.0000 -1.0000
vn -1.0000 -0.0000 -0.0000
s 0
usemtl C_Timber
f 17//13 20//13 19//13 18//13
f 21//14 22//14 23//14 24//14
f 17//15 18//15 22//15 21//15
f 18//16 19//16 23//16 22//16
f 19//17 20//17 24//17 23//17
f 20//18 17//18 21//18 24//18
o Found_RimBeam_C
v -0.090000 -0.550000 0.000000
v 0.090000 -0.550000 0.000000
v 0.090000 -0.550000 -8.900000
v -0.090000 -0.550000 -8.900000
v -0.090000 -0.250000 0.000000
v 0.090000 -0.250000 0.000000
v 0.090000 -0.250000 -8.900000
v -0.090000 -0.250000 -8.900000
vn -0.0000 -1.0000 -0.0000
vn -0.0000 1.0000 -0.0000
vn -0.0000 -0.0000 1.0000
vn 1.0000 -0.0000 -0.0000
vn -0.0000 -0.0000 -1.0000
vn -1.0000 -0.0000 -0.0000
s 0
usemtl C_Timber
f 25//19 28//19 27//19 26//19
f 29//20 30//20 31//20 32//20
f 25//21 26//21 30//21 29//21
f 26//22 27//22 31//22 30//22
f 27//23 28//23 32//23 31//23
f 28//24 25//24 29//24 32//24
o Found_EndBeam_F
v -2.050000 -0.550000 0.000000
v 2.050000 -0.550000 0.000000
v 2.050000 -0.550000 -0.180000
v -2.050000 -0.550000 -0.180000
v -2.050000 -0.250000 0.000000
v 2.050000 -0.250000 0.000000
v 2.050000 -0.250000 -0.180000
v -2.050000 -0.250000 -0.180000
vn -0.0000 -1.0000 -0.0000
vn -0.0000 1.0000 -0.0000
vn -0.0000 -0.0000 1.0000
vn 1.0000 -0.0000 -0.0000
vn -0.0000 -0.0000 -1.0000
vn -1.0000 -0.0000 -0.0000
s 0
usemtl C_Timber
f 33//25 36//25 35//25 34//25
f 37//26 38//26 39//26 40//26
f 33//27 34//27 38//27 37//27
f 34//28 35//28 39//28 38//28
f 35//29 36//29 40//29 39//29
f 36//30 33//30 37//30 40//30
o Found_EndBeam_B
v -2.050000 -0.550000 -8.720000
v 2.050000 -0.550000 -8.720000
v 2.050000 -0.550000 -8.900000
v -2.050000 -0.550000 -8.900000
v -2.050000 -0.250000 -8.720000
v 2.050000 -0.250000 -8.720000
v 2.050000 -0.250000 -8.900000
v -2.050000 -0.250000 -8.900000
vn -0.0000 -1.0000 -0.0000
vn -0.0000 1.0000 -0.0000
vn -0.0000 -0.0000 1.0000
vn 1.0000 -0.0000 -0.0000
vn -0.0000 -0.0000 -1.0000
vn -1.0000 -0.0000 -0.0000
s 0
usemtl C_Timber
f 41//31 44//31 43//31 42//31
f 45//32 46//32 47//32 48//32
f 41//33 42//33 46//33 45//33
f 42//34 43//34 47//34 46//34
f 43//35 44//35 48//35 47//35
f 44//36 41//36 45//36 48//36
o Found_Footing_00
v -2.070000 -1.000000 -0.080000
v -1.630000 -1.000000 -0.080000
v -1.630000 -1.000000 -0.520000
v -2.070000 -1.000000 -0.520000
v -2.070000 -0.850000 -0.080000
v -1.630000 -0.850000 -0.080000
v -1.630000 -0.850000 -0.520000
v -2.070000 -0.850000 -0.520000
vn -0.0000 -1.0000 -0.0000
vn -0.0000 1.0000 -0.0000
vn -0.0000 -0.0000 1.0000
vn 1.0000 -0.0000 -0.0000
vn -0.0000 -0.0000 -1.0000
vn -1.0000 -0.0000 -0.0000
s 0
usemtl C_Stone
f 49//37 52//37 51//37 50//37
f 53//38 54//38 55//38 56//38
f 49//39 50//39 54//39 53//39
f 50//40 51//40 55//40 54//40
f 51//41 52//41 56//41 55//41
f 52//42 49//42 53//42 56//42
o Found_Pier_00
v -1.980000 -0.850000 -0.170000
v -1.720000 -0.850000 -0.170000
v -1.720000 -0.850000 -0.430000
v -1.980000 -0.850000 -0.430000
v -1.980000 -0.550000 -0.170000
v -1.720000 -0.550000 -0.170000
v -1.720000 -0.550000 -0.430000
v -1.980000 -0.550000 -0.430000
vn -0.0000 -1.0000 -0.0000
vn -0.0000 1.0000 -0.0000
vn -0.0000 -0.0000 1.0000
vn 1.0000 -0.0000 -0.0000
vn -0.0000 -0.0000 -1.0000
vn -1.0000 -0.0000 -0.0000
s 0
usemtl C_Concrete
f 57//43 60//43 59//43 58//43
f 61//44 62//44 63//44 64//44
f 57//45 58//45 62//45 61//45
f 58//46 59//46 63//46 62//46
f 59//47 60//47 64//47 63//47
f 60//48 57//48 61//48 64//48
o Found_Footing_01
v -2.070000 -1.000000 -4.230000
v -1.630000 -1.000000 -4.230000
v -1.630000 -1.000000 -4.670000
v -2.070000 -1.000000 -4.670000
v -2.070000 -0.850000 -4.230000
v -1.630000 -0.850000 -4.230000
v -1.630000 -0.850000 -4.670000
v -2.070000 -0.850000 -4.670000
vn -0.0000 -1.0000 -0.0000
vn -0.0000 1.0000 -0.0000
vn -0.0000 -0.0000 1.0000
vn 1.0000 -0.0000 -0.0000
vn -0.0000 -0.0000 -1.0000
vn -1.0000 -0.0000 -0.0000
s 0
usemtl C_Stone
f 65//49 68//49 67//49 66//49
f 69//50 70//50 71//50 72//50
f 65//51 66//51 70//51 69//51
f 66//52 67//52 71//52 70//52
f 67//53 68//53 72//53 71//53
f 68//54 65//54 69//54 72//54
o Found_Pier_01
v -1.980000 -0.850000 -4.320000
v -1.720000 -0.850000 -4.320000
v -1.720000 -0.850000 -4.580000
v -1.980000 -0.850000 -4.580000
v -1.980000 -0.550000 -4.320000
v -1.720000 -0.550000 -4.320000
v -1.720000 -0.550000 -4.580000
v -1.980000 -0.550000 -4.580000
vn -0.0000 -1.0000 -0.0000
vn -0.0000 1.0000 -0.0000
vn -0.0000 -0.0000 1.0000
vn 1.0000 -0.0000 -0.0000
vn -0.0000 -0.0000 -1.0000
vn -1.0000 -0.0000 -0.0000
s 0
usemtl C_Concrete
f 73//55 76//55 75//55 74//55
f 77//56 78//56 79//56 80//56
f 73//57 74//57 78//57 77//57
f 74//58 75//58 79//58 78//58
f 75//59 76//59 80//59 79//59
f 76//60 73//60 77//60 80//60
o Found_Footing_02
v -2.070000 -1.000000 -8.380000
v -1.630000 -1.000000 -8.380000
v -1.630000 -1.000000 -8.820000
v -2.070000 -1.000000 -8.820000
v -2.070000 -0.850000 -8.380000
v -1.630000 -0.850000 -8.380000
v -1.630000 -0.850000 -8.820000
v -2.070000 -0.850000 -8.820000
vn -0.0000 -1.0000 -0.0000
vn -0.0000 1.0000 -0.0000
vn -0.0000 -0.0000 1.0000
vn 1.0000 -0.0000 -0.0000
vn -0.0000 -0.0000 -1.0000
vn -1.0000 -0.0000 -0.0000
s 0
usemtl C_Stone
f 81//61 84//61 83//61 82//61
f 85//62 86//62 87//62 88//62
f 81//63 82//63 86//63 85//63
f 82//64 83//64 87//64 86//64
f 83//65 84//65 88//65 87//65
f 84//66 81//66 85//66 88//66
o Found_Pier_02
v -1.980000 -0.850000 -8.470000
v -1.720000 -0.850000 -8.470000
v -1.720000 -0.850000 -8.730000
v -1.980000 -0.850000 -8.730000
v -1.980000 -0.550000 -8.470000
v -1.720000 -0.550000 -8.470000
v -1.720000 -0.550000 -8.730000
v -1.980000 -0.550000 -8.730000
vn -0.0000 -1.0000 -0.0000
vn -0.0000 1.0000 -0.0000
vn -0.0000 -0.0000 1.0000
vn 1.0000 -0.0000 -0.0000
vn -0.0000 -0.0000 -1.0000
vn -1.0000 -0.0000 -0.0000
s 0
usemtl C_Concrete
f 89//67 92//67 91//67 90//67
f 93//68 94//68 95//68 96//68
f 89//69 90//69 94//69 93//69
f 90//70 91//70 95//70 94//70
f 91//71 92//71 96//71 95//71
f 92//72 89//72 93//72 96//72
o Found_Footing_10
v 1.630000 -1.000000 -0.080000
v 2.070000 -1.000000 -0.080000
v 2.070000 -1.000000 -0.520000
v 1.630000 -1.000000 -0.520000
v 1.630000 -0.850000 -0.080000
v 2.070000 -0.850000 -0.080000
v 2.070000 -0.850000 -0.520000
v 1.630000 -0.850000 -0.520000
vn -0.0000 -1.0000 -0.0000
vn -0.0000 1.0000 -0.0000
vn -0.0000 -0.0000 1.0000
vn 1.0000 -0.0000 -0.0000
vn -0.0000 -0.0000 -1.0000
vn -1.0000 -0.0000 -0.0000
s 0
usemtl C_Stone
f 97//73 100//73 99//73 98//73
f 101//74 102//74 103//74 104//74
f 97//75 98//75 102//75 101//75
f 98//76 99//76 103//76 102//76
f 99//77 100//77 104//77 103//77
f 100//78 97//78 101//78 104//78
o Found_Pier_10
v 1.720000 -0.850000 -0.170000
v 1.980000 -0.850000 -0.170000
v 1.980000 -0.850000 -0.430000
v 1.720000 -0.850000 -0.430000
v 1.720000 -0.550000 -0.170000
v 1.980000 -0.550000 -0.170000
v 1.980000 -0.550000 -0.430000
v 1.720000 -0.550000 -0.430000
vn -0.0000 -1.0000 -0.0000
vn -0.0000 1.0000 -0.0000
vn -0.0000 -0.0000 1.0000
vn 1.0000 -0.0000 -0.0000
vn -0.0000 -0.0000 -1.0000
vn -1.0000 -0.0000 -0.0000
s 0
usemtl C_Concrete
f 105//79 108//79 107//79 106//79
f 109//80 110//80 111//80 112//80
f 105//81 106//81 110//81 109//81
f 106//82 107//82 111//82 110//82
f 107//83 108//83 112//83 111//83
f 108//84 105//84 109//84 112//84
o Found_Footing_11
v 1.630000 -1.000000 -4.230000
v 2.070000 -1.000000 -4.230000
v 2.070000 -1.000000 -4.670000
v 1.630000 -1.000000 -4.670000
v 1.630000 -0.850000 -4.230000
v 2.070000 -0.850000 -4.230000
v 2.070000 -0.850000 -4.670000
v 1.630000 -0.850000 -4.670000
vn -0.0000 -1.0000 -0.0000
vn -0.0000 1.0000 -0.0000
vn -0.0000 -0.0000 1.0000
vn 1.0000 -0.0000 -0.0000
vn -0.0000 -0.0000 -1.0000
vn -1.0000 -0.0000 -0.0000
s 0
usemtl C_Stone
f 113//85 116//85 115//85 114//85
f 117//86 118//86 119//86 120//86
f 113//87 114//87 118//87 117//87
f 114//88 115//88 119//88 118//88
f 115//89 116//89 120//89 119//89
f 116//90 113//90 117//90 120//90
o Found_Pier_11
v 1.720000 -0.850000 -4.320000
v 1.980000 -0.850000 -4.320000
v 1.980000 -0.850000 -4.580000
v 1.720000 -0.850000 -4.580000
v 1.720000 -0.550000 -4.320000
v 1.980000 -0.550000 -4.320000
v 1.980000 -0.550000 -4.580000
v 1.720000 -0.550000 -4.580000
vn -0.0000 -1.0000 -0.0000
vn -0.0000 1.0000 -0.0000
vn -0.0000 -0.0000 1.0000
vn 1.0000 -0.0000 -0.0000
vn -0.0000 -0.0000 -1.0000
vn -1.0000 -0.0000 -0.0000
s 0
usemtl C_Concrete
f 121//91 124//91 123//91 122//91
f 125//92 126//92 127//92 128//92
f 121//93 122//93 126//93 125//93
f 122//94 123//94 127//94 126//94
f 123//95 124//95 128//95 127//95
f 124//96 121//96 125//96 128//96
o Found_Footing_12
v 1.630000 -1.000000 -8.380000
v 2.070000 -1.000000 -8.380000
v 2.070000 -1.000000 -8.820000
v 1.630000 -1.000000 -8.820000
v 1.630000 -0.850000 -8.380000
v 2.070000 -0.850000 -8.380000
v 2.070000 -0.850000 -8.820000
v 1.630000 -0.850000 -8.820000
vn -0.0000 -1.0000 -0.0000
vn -0.0000 1.0000 -0.0000
vn -0.0000 -0.0000 1.0000
vn 1.0000 -0.0000 -0.0000
vn -0.0000 -0.0000 -1.0000
vn -1.0000 -0.0000 -0.0000
s 0
usemtl C_Stone
f 129//97 132//97 131//97 130//97
f 133//98 134//98 135//98 136//98
f 129//99 130//99 134//99 133//99
f 130//100 131//100 135//100 134//100
f 131//101 132//101 136//101 135//101
f 132//102 129//102 133//102 136//102
o Found_Pier_12
v 1.720000 -0.850000 -8.470000
v 1.980000 -0.850000 -8.470000
v 1.980000 -0.850000 -8.730000
v 1.720000 -0.850000 -8.730000
v 1.720000 -0.550000 -8.470000
v 1.980000 -0.550000 -8.470000
v 1.980000 -0.550000 -8.730000
v 1.720000 -0.550000 -8.730000
vn -0.0000 -1.0000 -0.0000
vn -0.0000 1.0000 -0.0000
vn -0.0000 -0.0000 1.0000
vn 1.0000 -0.0000 -0.0000
vn -0.0000 -0.0000 -1.0000
vn -1.0000 -0.0000 -0.0000
s 0
usemtl C_Concrete
f 137//103 140//103 139//103 138//103
f 141//104 142//104 143//104 144//104
f 137//105 138//105 142//105 141//105
f 138//106 139//106 143//106 142//106
f 139//107 140//107 144//107 143//107
f 140//108 137//108 141//108 144//108
o Found_Brace_0a
v -1.890000 -0.820000 -0.300000
v -1.810000 -0.820000 -0.300000
v -1.810000 -0.570000 -4.450000
v -1.890000 -0.570000 -4.450000
v -1.890000 -0.869910 -0.303007
v -1.810000 -0.869910 -0.303007
v -1.810000 -0.619910 -4.453007
v -1.890000 -0.619910 -4.453007
vn -0.0000 0.9982 0.0601
vn -0.0000 -0.9982 -0.0601
vn -0.0000 -0.0601 0.9982
vn 1.0000 -0.0000 -0.0000
vn -0.0000 0.0601 -0.9982
vn -1.0000 -0.0000 -0.0000
s 0
usemtl C_Timber
f 145//109 146//109 147//109 148//109
f 149//110 152//110 151//110 150//110
f 145//111 149//111 150//111 146//111
f 146//112 150//112 151//112 147//112
f 147//113 151//113 152//113 148//113
f 148//114 152//114 149//114 145//114
o Found_Brace_0b
v -1.890000 -0.820000 -8.600000
v -1.810000 -0.820000 -8.600000
v -1.810000 -0.570000 -4.450000
v -1.890000 -0.570000 -4.450000
v -1.890000 -0.770090 -8.603006
v -1.810000 -0.770090 -8.603006
v -1.810000 -0.520090 -4.453007
v -1.890000 -0.520090 -4.453007
vn -0.0000 -0.9982 0.0601
vn -0.0000 0.9982 -0.0601
vn -0.0000 -0.0601 -0.9982
vn 1.0000 -0.0000 -0.0000
vn -0.0000 0.0601 0.9982
vn -1.0000 -0.0000 -0.0000
s 0
usemtl C_Timber
f 153//115 154//115 155//115 156//115
f 157//116 160//116 159//116 158//116
f 153//117 157//117 158//117 154//117
f 154//118 158//118 159//118 155//118
f 155//119 159//119 160//119 156//119
f 156//120 160//120 157//120 153//120
o Found_Brace_1a
v 1.810000 -0.820000 -0.300000
v 1.890000 -0.820000 -0.300000
v 1.890000 -0.570000 -4.450000
v 1.810000 -0.570000 -4.450000
v 1.810000 -0.869910 -0.303007
v 1.890000 -0.869910 -0.303007
v 1.890000 -0.619910 -4.453007
v 1.810000 -0.619910 -4.453007
vn -0.0000 0.9982 0.0601
vn -0.0000 -0.9982 -0.0601
vn -0.0000 -0.0601 0.9982
vn 1.0000 -0.0000 -0.0000
vn -0.0000 0.0601 -0.9982
vn -1.0000 -0.0000 -0.0000
s 0
usemtl C_Timber
f 161//121 162//121 163//121 164//121
f 165//122 168//122 167//122 166//122
f 161//123 165//123 166//123 162//123
f 162//124 166//124 167//124 163//124
f 163//125 167//125 168//125 164//125
f 164//126 168//126 165//126 161//126
o Found_Brace_1b
v 1.810000 -0.820000 -8.600000
v 1.890000 -0.820000 -8.600000
v 1.890000 -0.570000 -4.450000
v 1.810000 -0.570000 -4.450000
v 1.810000 -0.770090 -8.603006
v 1.890000 -0.770090 -8.603006
v 1.890000 -0.520090 -4.453007
v 1.810000 -0.520090 -4.453007
vn -0.0000 -0.9982 0.0601
vn -0.0000 0.9982 -0.0601
vn -0.0000 -0.0601 -0.9982
vn 1.0000 -0.0000 -0.0000
vn -0.0000 0.0601 0.9982
vn -1.0000 -0.0000 -0.0000
s 0
usemtl C_Timber
f 169//127 170//127 171//127 172//127
f 173//128 176//128 175//128 174//128
f 169//129 173//129 174//129 170//129
f 170//130 174//130 175//130 171//130
f 171//131 175//131 176//131 172//131
f 172//132 176//132 173//132 169//132
o Cabin_Roof_R
v 2.220709 -0.416363 0.550000
v 2.452022 -0.321525 0.550000
v 0.000000 5.659016 0.550000
v 0.000000 5.000000 0.550000
v 2.220709 -0.416363 -9.450000
v 2.452022 -0.321525 -9.450000
v 0.000000 5.659016 -9.450000
v 0.000000 5.000000 -9.450000
vn -0.0000 -0.0000 1.0000
vn -0.0000 -0.0000 -1.0000
vn 0.3794 -0.9253 -0.0000
vn 0.9253 0.3794 -0.0000
vn -1.0000 -0.0000 -0.0000
vn -0.9253 -0.3794 -0.0000
s 0
usemtl C_Roof
f 177//133 178//133 179//133 180//133
f 184//134 183//134 182//134 181//134
f 177//135 181//135 182//135 178//135
f 178//136 182//136 183//136 179//136
f 179//137 183//137 184//137 180//137
f 180//138 184//138 181//138 177//138
o Cabin_Roof_L
v -2.220709 -0.416363 0.550000
v -2.452022 -0.321525 0.550000
v 0.000000 5.659016 0.550000
v 0.000000 5.000000 0.550000
v -2.220709 -0.416363 -9.450000
v -2.452022 -0.321525 -9.450000
v 0.000000 5.659016 -9.450000
v 0.000000 5.000000 -9.450000
vn -0.0000 -0.0000 1.0000
vn -0.0000 -0.0000 -1.0000
vn -0.3794 -0.9253 -0.0000
vn -0.9253 0.3794 -0.0000
vn 1.0000 -0.0000 -0.0000
vn 0.9253 -0.3794 -0.0000
s 0
usemtl C_Roof
f 185//139 188//139 187//139 186//139
f 192//140 189//140 190//140 191//140
f 185//141 186//141 190//141 189//141
f 186//142 187//142 191//142 190//142
f 187//143 188//143 192//143 191//143
f 188//144 185//144 189//144 192//144
o Cabin_RidgeCap
v -0.140000 5.639016 0.550000
v 0.140000 5.639016 0.550000
v 0.140000 5.639016 -9.450000
v -0.140000 5.639016 -9.450000
v -0.140000 5.759016 0.550000
v 0.140000 5.759016 0.550000
v 0.140000 5.759016 -9.450000
v -0.140000 5.759016 -9.450000
vn -0.0000 -1.0000 -0.0000
vn -0.0000 1.0000 -0.0000
vn -0.0000 -0.0000 1.0000
vn 1.0000 -0.0000 -0.0000
vn -0.0000 -0.0000 -1.0000
vn -1.0000 -0.0000 -0.0000
s 0
usemtl C_RoofSeam
f 193//145 196//145 195//145 194//145
f 197//146 198//146 199//146 200//146
f 193//147 194//147 198//147 197//147
f 194//148 195//148 199//148 198//148
f 195//149 196//149 200//149 199//149
f 196//150 193//150 197//150 200//150
o Roof_Seam_R0
v 2.452022 -0.321525 0.590000
v 2.452022 -0.321525 0.510000
v 0.000000 5.659016 0.590000
v 0.000000 5.659016 0.510000
v 2.498284 -0.302557 0.590000
v 2.498284 -0.302557 0.510000
v 0.046263 5.677983 0.590000
v 0.046263 5.677983 0.510000
vn -0.9253 -0.3794 -0.0000
vn 0.9253 0.3794 -0.0000
vn 0.3794 -0.9253 -0.0000
vn -0.0000 -0.0000 -1.0000
vn -0.3794 0.9253 -0.0000
vn -0.0000 -0.0000 1.0000
s 0
usemtl C_RoofSeam
f 201//151 203//151 204//151 202//151
f 205//152 206//152 208//152 207//152
f 201//153 202//153 206//153 205//153
f 202//154 204//154 208//154 206//154
f 204//155 203//155 207//155 208//155
f 203//156 201//156 205//156 207//156
o Roof_Seam_L0
v -2.452022 -0.321525 0.590000
v -2.452022 -0.321525 0.510000
v 0.000000 5.659016 0.590000
v 0.000000 5.659016 0.510000
v -2.498284 -0.302557 0.590000
v -2.498284 -0.302557 0.510000
v -0.046263 5.677983 0.590000
v -0.046263 5.677983 0.510000
vn 0.9253 -0.3794 -0.0000
vn -0.9253 0.3794 -0.0000
vn -0.3794 -0.9253 -0.0000
vn -0.0000 -0.0000 -1.0000
vn 0.3794 0.9253 -0.0000
vn -0.0000 -0.0000 1.0000
s 0
usemtl C_RoofSeam
f 209//157 210//157 212//157 211//157
f 213//158 215//158 216//158 214//158
f 209//159 213//159 214//159 210//159
f 210//160 214//160 216//160 212//160
f 212//161 216//161 215//161 211//161
f 211//162 215//162 213//162 209//162
o Roof_Seam_R1
v 2.452022 -0.321525 -0.124286
v 2.452022 -0.321525 -0.204286
v 0.000000 5.659016 -0.124286
v 0.000000 5.659016 -0.204286
v 2.498284 -0.302557 -0.124286
v 2.498284 -0.302557 -0.204286
v 0.046263 5.677983 -0.124286
v 0.046263 5.677983 -0.204286
vn -0.9253 -0.3794 -0.0000
vn 0.9253 0.3794 -0.0000
vn 0.3794 -0.9253 -0.0000
vn -0.0000 -0.0000 -1.0000
vn -0.3794 0.9253 -0.0000
vn -0.0000 -0.0000 1.0000
s 0
usemtl C_RoofSeam
f 217//163 219//163 220//163 218//163
f 221//164 222//164 224//164 223//164
f 217//165 218//165 222//165 221//165
f 218//166 220//166 224//166 222//166
f 220//167 219//167 223//167 224//167
f 219//168 217//168 221//168 223//168
o Roof_Seam_L1
v -2.452022 -0.321525 -0.124286
v -2.452022 -0.321525 -0.204286
v 0.000000 5.659016 -0.124286
v 0.000000 5.659016 -0.204286
v -2.498284 -0.302557 -0.124286
v -2.498284 -0.302557 -0.204286
v -0.046263 5.677983 -0.124286
v -0.046263 5.677983 -0.204286
vn 0.9253 -0.3794 -0.0000
vn -0.9253 0.3794 -0.0000
vn -0.3794 -0.9253 -0.0000
vn -0.0000 -0.0000 -1.0000
vn 0.3794 0.9253 -0.0000
vn -0.0000 -0.0000 1.0000
s 0
usemtl C_RoofSeam
f 225//169 226//169 228//169 227//169
f 229//170 231//170 232//170 230//170
f 225//171 229//171 230//171 226//171
f 226//172 230//172 232//172 228//172
f 228//173 232//173 231//173 227//173
f 227//174 231//174 229//174 225//174
o Roof_Seam_R2
v 2.452022 -0.321525 -0.838571
v 2.452022 -0.321525 -0.918571
v 0.000000 5.659016 -0.838571
v 0.000000 5.659016 -0.918571
v 2.498284 -0.302557 -0.838571
v 2.498284 -0.302557 -0.918571
v 0.046263 5.677983 -0.838571
v 0.046263 5.677983 -0.918571
vn -0.9253 -0.3794 -0.0000
vn 0.9253 0.3794 -0.0000
vn 0.3794 -0.9253 -0.0000
vn -0.0000 -0.0000 -1.0000
vn -0.3794 0.9253 -0.0000
vn -0.0000 -0.0000 1.0000
s 0
usemtl C_RoofSeam
f 233//175 235//175 236//175 234//175
f 237//176 238//176 240//176 239//176
f 233//177 234//177 238//177 237//177
f 234//178 236//178 240//178 238//178
f 236//179 235//179 239//179 240//179
f 235//180 233//180 237//180 239//180
o Roof_Seam_L2
v -2.452022 -0.321525 -0.838571
v -2.452022 -0.321525 -0.918571
v 0.000000 5.659016 -0.838571
v 0.000000 5.659016 -0.918571
v -2.498284 -0.302557 -0.838571
v -2.498284 -0.302557 -0.918571
v -0.046263 5.677983 -0.838571
v -0.046263 5.677983 -0.918571
vn 0.9253 -0.3794 -0.0000
vn -0.9253 0.3794 -0.0000
vn -0.3794 -0.9253 -0.0000
vn -0.0000 -0.0000 -1.0000
vn 0.3794 0.9253 -0.0000
vn -0.0000 -0.0000 1.0000
s 0
usemtl C_RoofSeam
f 241//181 242//181 244//181 243//181
f 245//182 247//182 248//182 246//182
f 241//183 245//183 246//183 242//183
f 242//184 246//184 248//184 244//184
f 244//185 248//185 247//185 243//185
f 243//186 247//186 245//186 241//186
o Roof_Seam_R3
v 2.452022 -0.321525 -1.552857
v 2.452022 -0.321525 -1.632857
v 0.000000 5.659016 -1.552857
v 0.000000 5.659016 -1.632857
v 2.498284 -0.302557 -1.552857
v 2.498284 -0.302557 -1.632857
v 0.046263 5.677983 -1.552857
v 0.046263 5.677983 -1.632857
vn -0.9253 -0.3794 -0.0000
vn 0.9253 0.3794 -0.0000
vn 0.3794 -0.9253 -0.0000
vn -0.0000 -0.0000 -1.0000
vn -0.3794 0.9253 -0.0000
vn -0.0000 -0.0000 1.0000
s 0
usemtl C_RoofSeam
f 249//187 251//187 252//187 250//187
f 253//188 254//188 256//188 255//188
f 249//189 250//189 254//189 253//189
f 250//190 252//190 256//190 254//190
f 252//191 251//191 255//191 256//191
f 251//192 249//192 253//192 255//192
o Roof_Seam_L3
v -2.452022 -0.321525 -1.552857
v -2.452022 -0.321525 -1.632857
v 0.000000 5.659016 -1.552857
v 0.000000 5.659016 -1.632857
v -2.498284 -0.302557 -1.552857
v -2.498284 -0.302557 -1.632857
v -0.046263 5.677983 -1.552857
v -0.046263 5.677983 -1.632857
vn 0.9253 -0.3794 -0.0000
vn -0.9253 0.3794 -0.0000
vn -0.3794 -0.9253 -0.0000
vn -0.0000 -0.0000 -1.0000
vn 0.3794 0.9253 -0.0000
vn -0.0000 -0.0000 1.0000
s 0
usemtl C_RoofSeam
f 257//193 258//193 260//193 259//193
f 261//194 263//194 264//194 262//194
f 257//195 261//195 262//195 258//195
f 258//196 262//196 264//196 260//196
f 260//197 264//197 263//197 259//197
f 259//198 263//198 261//198 257//198
o Roof_Seam_R4
v 2.452022 -0.321525 -2.267143
v 2.452022 -0.321525 -2.347143
v 0.000000 5.659016 -2.267143
v 0.000000 5.659016 -2.347143
v 2.498284 -0.302557 -2.267143
v 2.498284 -0.302557 -2.347143
v 0.046263 5.677983 -2.267143
v 0.046263 5.677983 -2.347143
vn -0.9253 -0.3794 -0.0000
vn 0.9253 0.3794 -0.0000
vn 0.3794 -0.9253 -0.0000
vn -0.0000 -0.0000 -1.0000
vn -0.3794 0.9253 -0.0000
vn -0.0000 -0.0000 1.0000
s 0
usemtl C_RoofSeam
f 265//199 267//199 268//199 266//199
f 269//200 270//200 272//200 271//200
f 265//201 266//201 270//201 269//201
f 266//202 268//202 272//202 270//202
f 268//203 267//203 271//203 272//203
f 267//204 265//204 269//204 271//204
o Roof_Seam_L4
v -2.452022 -0.321525 -2.267143
v -2.452022 -0.321525 -2.347143
v 0.000000 5.659016 -2.267143
v 0.000000 5.659016 -2.347143
v -2.498284 -0.302557 -2.267143
v -2.498284 -0.302557 -2.347143
v -0.046263 5.677983 -2.267143
v -0.046263 5.677983 -2.347143
vn 0.9253 -0.3794 -0.0000
vn -0.9253 0.3794 -0.0000
vn -0.3794 -0.9253 -0.0000
vn -0.0000 -0.0000 -1.0000
vn 0.3794 0.9253 -0.0000
vn -0.0000 -0.0000 1.0000
s 0
usemtl C_RoofSeam
f 273//205 274//205 276//205 275//205
f 277//206 279//206 280//206 278//206
f 273//207 277//207 278//207 274//207
f 274//208 278//208 280//208 276//208
f 276//209 280//209 279//209 275//209
f 275//210 279//210 277//210 273//210
o Roof_Seam_R5
v 2.452022 -0.321525 -2.981429
v 2.452022 -0.321525 -3.061429
v 0.000000 5.659016 -2.981429
v 0.000000 5.659016 -3.061429
v 2.498284 -0.302557 -2.981429
v 2.498284 -0.302557 -3.061429
v 0.046263 5.677983 -2.981429
v 0.046263 5.677983 -3.061429
vn -0.9253 -0.3794 -0.0000
vn 0.9253 0.3794 -0.0000
vn 0.3794 -0.9253 -0.0000
vn -0.0000 -0.0000 -1.0000
vn -0.3794 0.9253 -0.0000
vn -0.0000 -0.0000 1.0000
s 0
usemtl C_RoofSeam
f 281//211 283//211 284//211 282//211
f 285//212 286//212 288//212 287//212
f 281//213 282//213 286//213 285//213
f 282//214 284//214 288//214 286//214
f 284//215 283//215 287//215 288//215
f 283//216 281//216 285//216 287//216
o Roof_Seam_L5
v -2.452022 -0.321525 -2.981429
v -2.452022 -0.321525 -3.061429
v 0.000000 5.659016 -2.981429
v 0.000000 5.659016 -3.061429
v -2.498284 -0.302557 -2.981429
v -2.498284 -0.302557 -3.061429
v -0.046263 5.677983 -2.981429
v -0.046263 5.677983 -3.061429
vn 0.9253 -0.3794 -0.0000
vn -0.9253 0.3794 -0.0000
vn -0.3794 -0.9253 -0.0000
vn -0.0000 -0.0000 -1.0000
vn 0.3794 0.9253 -0.0000
vn -0.0000 -0.0000 1.0000
s 0
usemtl C_RoofSeam
f 289//217 290//217 292//217 291//217
f 293//218 295//218 296//218 294//218
f 289//219 293//219 294//219 290//219
f 290//220 294//220 296//220 292//220
f 292//221 296//221 295//221 291//221
f 291//222 295//222 293//222 289//222
o Roof_Seam_R6
v 2.452022 -0.321525 -3.695714
v 2.452022 -0.321525 -3.775714
v 0.000000 5.659016 -3.695714
v 0.000000 5.659016 -3.775714
v 2.498284 -0.302557 -3.695714
v 2.498284 -0.302557 -3.775714
v 0.046263 5.677983 -3.695714
v 0.046263 5.677983 -3.775714
vn -0.9253 -0.3794 -0.0000
vn 0.9253 0.3794 -0.0000
vn 0.3794 -0.9253 -0.0000
vn -0.0000 -0.0000 -1.0000
vn -0.3794 0.9253 -0.0000
vn -0.0000 -0.0000 1.0000
s 0
usemtl C_RoofSeam
f 297//223 299//223 300//223 298//223
f 301//224 302//224 304//224 303//224
f 297//225 298//225 302//225 301//225
f 298//226 300//226 304//226 302//226
f 300//227 299//227 303//227 304//227
f 299//228 297//228 301//228 303//228
o Roof_Seam_L6
v -2.452022 -0.321525 -3.695714
v -2.452022 -0.321525 -3.775714
v 0.000000 5.659016 -3.695714
v 0.000000 5.659016 -3.775714
v -2.498284 -0.302557 -3.695714
v -2.498284 -0.302557 -3.775714
v -0.046263 5.677983 -3.695714
v -0.046263 5.677983 -3.775714
vn 0.9253 -0.3794 -0.0000
vn -0.9253 0.3794 -0.0000
vn -0.3794 -0.9253 -0.0000
vn -0.0000 -0.0000 -1.0000
vn 0.3794 0.9253 -0.0000
vn -0.0000 -0.0000 1.0000
s 0
usemtl C_RoofSeam
f 305//229 306//229 308//229 307//229
f 309//230 311//230 312//230 310//230
f 305//231 309//231 310//231 306//231
f 306//232 310//232 312//232 308//232
f 308//233 312//233 311//233 307//233
f 307//234 311//234 309//234 305//234
o Roof_Seam_R7
v 2.452022 -0.321525 -4.410000
v 2.452022 -0.321525 -4.490000
v 0.000000 5.659016 -4.410000
v 0.000000 5.659016 -4.490000
v 2.498284 -0.302557 -4.410000
v 2.498284 -0.302557 -4.490000
v 0.046263 5.677983 -4.410000
v 0.046263 5.677983 -4.490000
vn -0.9253 -0.3794 -0.0000
vn 0.9253 0.3794 -0.0000
vn 0.3794 -0.9253 -0.0000
vn -0.0000 -0.0000 -1.0000
vn -0.3794 0.9253 -0.0000
vn -0.0000 -0.0000 1.0000
s 0
usemtl C_RoofSeam
f 313//235 315//235 316//235 314//235
f 317//236 318//236 320//236 319//236
f 313//237 314//237 318//237 317//237
f 314//238 316//238 320//238 318//238
f 316//239 315//239 319//239 320//239
f 315//240 313//240 317//240 319//240
o Roof_Seam_L7
v -2.452022 -0.321525 -4.410000
v -2.452022 -0.321525 -4.490000
v 0.000000 5.659016 -4.410000
v 0.000000 5.659016 -4.490000
v -2.498284 -0.302557 -4.410000
v -2.498284 -0.302557 -4.490000
v -0.046263 5.677983 -4.410000
v -0.046263 5.677983 -4.490000
vn 0.9253 -0.3794 -0.0000
vn -0.9253 0.3794 -0.0000
vn -0.3794 -0.9253 -0.0000
vn -0.0000 -0.0000 -1.0000
vn 0.3794 0.9253 -0.0000
vn -0.0000 -0.0000 1.0000
s 0
usemtl C_RoofSeam
f 321//241 322//241 324//241 323//241
f 325//242 327//242 328//242 326//242
f 321//243 325//243 326//243 322//243
f 322//244 326//244 328//244 324//244
f 324//245 328//245 327//245 323//245
f 323//246 327//246 325//246 321//246
o Roof_Seam_R8
v 2.452022 -0.321525 -5.124286
v 2.452022 -0.321525 -5.204286
v 0.000000 5.659016 -5.124286
v 0.000000 5.659016 -5.204286
v 2.498284 -0.302557 -5.124286
v 2.498284 -0.302557 -5.204286
v 0.046263 5.677983 -5.124286
v 0.046263 5.677983 -5.204286
vn -0.9253 -0.3794 -0.0000
vn 0.9253 0.3794 -0.0000
vn 0.3794 -0.9253 -0.0000
vn -0.0000 -0.0000 -1.0000
vn -0.3794 0.9253 -0.0000
vn -0.0000 -0.0000 1.0000
s 0
usemtl C_RoofSeam
f 329//247 331//247 332//247 330//247
f 333//248 334//248 336//248 335//248
f 329//249 330//249 334//249 333//249
f 330//250 332//250 336//250 334//250
f 332//251 331//251 335//251 336//251
f 331//252 329//252 333//252 335//252
o Roof_Seam_L8
v -2.452022 -0.321525 -5.124286
v -2.452022 -0.321525 -5.204286
v 0.000000 5.659016 -5.124286
v 0.000000 5.659016 -5.204286
v -2.498284 -0.302557 -5.124286
v -2.498284 -0.302557 -5.204286
v -0.046263 5.677983 -5.124286
v -0.046263 5.677983 -5.204286
vn 0.9253 -0.3794 -0.0000
vn -0.9253 0.3794 -0.0000
vn -0.3794 -0.9253 -0.0000
vn -0.0000 -0.0000 -1.0000
vn 0.3794 0.9253 -0.0000
vn -0.0000 -0.0000 1.0000
s 0
usemtl C_RoofSeam
f 337//253 338//253 340//253 339//253
f 341//254 343//254 344//254 342//254
f 337//255 341//255 342//255 338//255
f 338//256 342//256 344//256 340//256
f 340//257 344//257 343//257 339//257
f 339//258 343//258 341//258 337//258
o Roof_Seam_R9
v 2.452022 -0.321525 -5.838572
v 2.452022 -0.321525 -5.918571
v 0.000000 5.659016 -5.838572
v 0.000000 5.659016 -5.918571
v 2.498284 -0.302557 -5.838572
v 2.498284 -0.302557 -5.918571
v 0.046263 5.677983 -5.838572
v 0.046263 5.677983 -5.918571
vn -0.9253 -0.3794 -0.0000
vn 0.9253 0.3794 -0.0000
vn 0.3794 -0.9253 -0.0000
vn -0.0000 -0.0000 -1.0000
vn -0.3794 0.9253 -0.0000
vn -0.0000 -0.0000 1.0000
s 0
usemtl C_RoofSeam
f 345//259 347//259 348//259 346//259
f 349//260 350//260 352//260 351//260
f 345//261 346//261 350//261 349//261
f 346//262 348//262 352//262 350//262
f 348//263 347//263 351//263 352//263
f 347//264 345//264 349//264 351//264
o Roof_Seam_L9
v -2.452022 -0.321525 -5.838572
v -2.452022 -0.321525 -5.918571
v 0.000000 5.659016 -5.838572
v 0.000000 5.659016 -5.918571
v -2.498284 -0.302557 -5.838572
v -2.498284 -0.302557 -5.918571
v -0.046263 5.677983 -5.838572
v -0.046263 5.677983 -5.918571
vn 0.9253 -0.3794 -0.0000
vn -0.9253 0.3794 -0.0000
vn -0.3794 -0.9253 -0.0000
vn -0.0000 -0.0000 -1.0000
vn 0.3794 0.9253 -0.0000
vn -0.0000 -0.0000 1.0000
s 0
usemtl C_RoofSeam
f 353//265 354//265 356//265 355//265
f 357//266 359//266 360//266 358//266
f 353//267 357//267 358//267 354//267
f 354//268 358//268 360//268 356//268
f 356//269 360//269 359//269 355//269
f 355//270 359//270 357//270 353//270
o Roof_Seam_R10
v 2.452022 -0.321525 -6.552857
v 2.452022 -0.321525 -6.632857
v 0.000000 5.659016 -6.552857
v 0.000000 5.659016 -6.632857
v 2.498284 -0.302557 -6.552857
v 2.498284 -0.302557 -6.632857
v 0.046263 5.677983 -6.552857
v 0.046263 5.677983 -6.632857
vn -0.9253 -0.3794 -0.0000
vn 0.9253 0.3794 -0.0000
vn 0.3794 -0.9253 -0.0000
vn -0.0000 -0.0000 -1.0000
vn -0.3794 0.9253 -0.0000
vn -0.0000 -0.0000 1.0000
s 0
usemtl C_RoofSeam
f 361//271 363//271 364//271 362//271
f 365//272 366//272 368//272 367//272
f 361//273 362//273 366//273 365//273
f 362//274 364//274 368//274 366//274
f 364//275 363//275 367//275 368//275
f 363//276 361//276 365//276 367//276
o Roof_Seam_L10
v -2.452022 -0.321525 -6.552857
v -2.452022 -0.321525 -6.632857
v 0.000000 5.659016 -6.552857
v 0.000000 5.659016 -6.632857
v -2.498284 -0.302557 -6.552857
v -2.498284 -0.302557 -6.632857
v -0.046263 5.677983 -6.552857
v -0.046263 5.677983 -6.632857
vn 0.9253 -0.3794 -0.0000
vn -0.9253 0.3794 -0.0000
vn -0.3794 -0.9253 -0.0000
vn -0.0000 -0.0000 -1.0000
vn 0.3794 0.9253 -0.0000
vn -0.0000 -0.0000 1.0000
s 0
usemtl C_RoofSeam
f 369//277 370//277 372//277 371//277
f 373//278 375//278 376//278 374//278
f 369//279 373//279 374//279 370//279
f 370//280 374//280 376//280 372//280
f 372//281 376//281 375//281 371//281
f 371//282 375//282 373//282 369//282
o Roof_Seam_R11
v 2.452022 -0.321525 -7.267143
v 2.452022 -0.321525 -7.347143
v 0.000000 5.659016 -7.267143
v 0.000000 5.659016 -7.347143
v 2.498284 -0.302557 -7.267143
v 2.498284 -0.302557 -7.347143
v 0.046263 5.677983 -7.267143
v 0.046263 5.677983 -7.347143
vn -0.9253 -0.3794 -0.0000
vn 0.9253 0.3794 -0.0000
vn 0.3794 -0.9253 -0.0000
vn -0.0000 -0.0000 -1.0000
vn -0.3794 0.9253 -0.0000
vn -0.0000 -0.0000 1.0000
s 0
usemtl C_RoofSeam
f 377//283 379//283 380//283 378//283
f 381//284 382//284 384//284 383//284
f 377//285 378//285 382//285 381//285
f 378//286 380//286 384//286 382//286
f 380//287 379//287 383//287 384//287
f 379//288 377//288 381//288 383//288
o Roof_Seam_L11
v -2.452022 -0.321525 -7.267143
v -2.452022 -0.321525 -7.347143
v 0.000000 5.659016 -7.267143
v 0.000000 5.659016 -7.347143
v -2.498284 -0.302557 -7.267143
v -2.498284 -0.302557 -7.347143
v -0.046263 5.677983 -7.267143
v -0.046263 5.677983 -7.347143
vn 0.9253 -0.3794 -0.0000
vn -0.9253 0.3794 -0.0000
vn -0.3794 -0.9253 -0.0000
vn -0.0000 -0.0000 -1.0000
vn 0.3794 0.9253 -0.0000
vn -0.0000 -0.0000 1.0000
s 0
usemtl C_RoofSeam
f 385//289 386//289 388//289 387//289
f 389//290 391//290 392//290 390//290
f 385//291 389//291 390//291 386//291
f 386//292 390//292 392//292 388//292
f 388//293 392//293 391//293 387//293
f 387//294 391//294 389//294 385//294
o Roof_Seam_R12
v 2.452022 -0.321525 -7.981429
v 2.452022 -0.321525 -8.061429
v 0.000000 5.659016 -7.981429
v 0.000000 5.659016 -8.061429
v 2.498284 -0.302557 -7.981429
v 2.498284 -0.302557 -8.061429
v 0.046263 5.677983 -7.981429
v 0.046263 5.677983 -8.061429
vn -0.9253 -0.3794 -0.0000
vn 0.9253 0.3794 -0.0000
vn 0.3794 -0.9253 -0.0000
vn -0.0000 -0.0000 -1.0000
vn -0.3794 0.9253 -0.0000
vn -0.0000 -0.0000 1.0000
s 0
usemtl C_RoofSeam
f 393//295 395//295 396//295 394//295
f 397//296 398//296 400//296 399//296
f 393//297 394//297 398//297 397//297
f 394//298 396//298 400//298 398//298
f 396//299 395//299 399//299 400//299
f 395//300 393//300 397//300 399//300
o Roof_Seam_L12
v -2.452022 -0.321525 -7.981429
v -2.452022 -0.321525 -8.061429
v 0.000000 5.659016 -7.981429
v 0.000000 5.659016 -8.061429
v -2.498284 -0.302557 -7.981429
v -2.498284 -0.302557 -8.061429
v -0.046263 5.677983 -7.981429
v -0.046263 5.677983 -8.061429
vn 0.9253 -0.3794 -0.0000
vn -0.9253 0.3794 -0.0000
vn -0.3794 -0.9253 -0.0000
vn -0.0000 -0.0000 -1.0000
vn 0.3794 0.9253 -0.0000
vn -0.0000 -0.0000 1.0000
s 0
usemtl C_RoofSeam
f 401//301 402//301 404//301 403//301
f 405//302 407//302 408//302 406//302
f 401//303 405//303 406//303 402//303
f 402//304 406//304 408//304 404//304
f 404//305 408//305 407//305 403//305
f 403//306 407//306 405//306 401//306
o Roof_Seam_R13
v 2.452022 -0.321525 -8.695714
v 2.452022 -0.321525 -8.775714
v 0.000000 5.659016 -8.695714
v 0.000000 5.659016 -8.775714
v 2.498284 -0.302557 -8.695714
v 2.498284 -0.302557 -8.775714
v 0.046263 5.677983 -8.695714
v 0.046263 5.677983 -8.775714
vn -0.9253 -0.3794 -0.0000
vn 0.9253 0.3794 -0.0000
vn 0.3794 -0.9253 -0.0000
vn -0.0000 -0.0000 -1.0000
vn -0.3794 0.9253 -0.0000
vn -0.0000 -0.0000 1.0000
s 0
usemtl C_RoofSeam
f 409//307 411//307 412//307 410//307
f 413//308 414//308 416//308 415//308
f 409//309 410//309 414//309 413//309
f 410//310 412//310 416//310 414//310
f 412//311 411//311 415//311 416//311
f 411//312 409//312 413//312 415//312
o Roof_Seam_L13
v -2.452022 -0.321525 -8.695714
v -2.452022 -0.321525 -8.775714
v 0.000000 5.659016 -8.695714
v 0.000000 5.659016 -8.775714
v -2.498284 -0.302557 -8.695714
v -2.498284 -0.302557 -8.775714
v -0.046263 5.677983 -8.695714
v -0.046263 5.677983 -8.775714
vn 0.9253 -0.3794 -0.0000
vn -0.9253 0.3794 -0.0000
vn -0.3794 -0.9253 -0.0000
vn -0.0000 -0.0000 -1.0000
vn 0.3794 0.9253 -0.0000
vn -0.0000 -0.0000 1.0000
s 0
usemtl C_RoofSeam
f 417//313 418//313 420//313 419//313
f 421//314 423//314 424//314 422//314
f 417//315 421//315 422//315 418//315
f 418//316 422//316 424//316 420//316
f 420//317 424//317 423//317 419//317
f 419//318 423//318 421//318 417//318
o Roof_Seam_R14
v 2.452022 -0.321525 -9.410000
v 2.452022 -0.321525 -9.490000
v 0.000000 5.659016 -9.410000
v 0.000000 5.659016 -9.490000
v 2.498284 -0.302557 -9.410000
v 2.498284 -0.302557 -9.490000
v 0.046263 5.677983 -9.410000
v 0.046263 5.677983 -9.490000
vn -0.9253 -0.3794 -0.0000
vn 0.9253 0.3794 -0.0000
vn 0.3794 -0.9253 -0.0000
vn -0.0000 -0.0000 -1.0000
vn -0.3794 0.9253 -0.0000
vn -0.0000 -0.0000 1.0000
s 0
usemtl C_RoofSeam
f 425//319 427//319 428//319 426//319
f 429//320 430//320 432//320 431//320
f 425//321 426//321 430//321 429//321
f 426//322 428//322 432//322 430//322
f 428//323 427//323 431//323 432//323
f 427//324 425//324 429//324 431//324
o Roof_Seam_L14
v -2.452022 -0.321525 -9.410000
v -2.452022 -0.321525 -9.490000
v 0.000000 5.659016 -9.410000
v 0.000000 5.659016 -9.490000
v -2.498284 -0.302557 -9.410000
v -2.498284 -0.302557 -9.490000
v -0.046263 5.677983 -9.410000
v -0.046263 5.677983 -9.490000
vn 0.9253 -0.3794 -0.0000
vn -0.9253 0.3794 -0.0000
vn -0.3794 -0.9253 -0.0000
vn -0.0000 -0.0000 -1.0000
vn 0.3794 0.9253 -0.0000
vn -0.0000 -0.0000 1.0000
s 0
usemtl C_RoofSeam
f 433//325 434//325 436//325 435//325
f 437//326 439//326 440//326 438//326
f 433//327 437//327 438//327 434//327
f 434//328 438//328 440//328 436//328
f 436//329 440//329 439//329 435//329
f 435//330 439//330 437//330 433//330
o Roof_Fascia_F_R
v 2.452022 -0.371525 0.550000
v 2.452022 -0.261525 0.550000
v 0.000000 5.719016 0.550000
v 0.000000 5.609015 0.550000
v 2.452022 -0.371525 0.610000
v 2.452022 -0.261525 0.610000
v 0.000000 5.719016 0.610000
v 0.000000 5.609015 0.610000
vn -0.0000 -0.0000 -1.0000
vn -0.0000 -0.0000 1.0000
vn 1.0000 -0.0000 -0.0000
vn 0.9253 0.3794 -0.0000
vn -1.0000 -0.0000 -0.0000
vn -0.9253 -0.3794 -0.0000
s 0
usemtl C_Timber
f 441//331 444//331 443//331 442//331
f 448//332 445//332 446//332 447//332
f 441//333 442//333 446//333 445//333
f 442//334 443//334 447//334 446//334
f 443//335 444//335 448//335 447//335
f 444//336 441//336 445//336 448//336
o Roof_Fascia_F_L
v -2.452022 -0.371525 0.550000
v -2.452022 -0.261525 0.550000
v 0.000000 5.719016 0.550000
v 0.000000 5.609015 0.550000
v -2.452022 -0.371525 0.610000
v -2.452022 -0.261525 0.610000
v 0.000000 5.719016 0.610000
v 0.000000 5.609015 0.610000
vn -0.0000 -0.0000 -1.0000
vn -0.0000 -0.0000 1.0000
vn -1.0000 -0.0000 -0.0000
vn -0.9253 0.3794 -0.0000
vn 1.0000 -0.0000 -0.0000
vn 0.9253 -0.3794 -0.0000
s 0
usemtl C_Timber
f 449//337 450//337 451//337 452//337
f 456//338 455//338 454//338 453//338
f 449//339 453//339 454//339 450//339
f 450//340 454//340 455//340 451//340
f 451//341 455//341 456//341 452//341
f 452//342 456//342 453//342 449//342
o Roof_Fascia_B_R
v 2.452022 -0.371525 -9.450000
v 2.452022 -0.261525 -9.450000
v 0.000000 5.719016 -9.450000
v 0.000000 5.609015 -9.450000
v 2.452022 -0.371525 -9.510000
v 2.452022 -0.261525 -9.510000
v 0.000000 5.719016 -9.510000
v 0.000000 5.609015 -9.510000
vn -0.0000 -0.0000 1.0000
vn -0.0000 -0.0000 -1.0000
vn 1.0000 -0.0000 -0.0000
vn 0.9253 0.3794 -0.0000
vn -1.0000 -0.0000 -0.0000
vn -0.9253 -0.3794 -0.0000
s 0
usemtl C_Timber
f 457//343 458//343 459//343 460//343
f 464//344 463//344 462//344 461//344
f 457//345 461//345 462//345 458//345
f 458//346 462//346 463//346 459//346
f 459//347 463//347 464//347 460//347
f 460//348 464//348 461//348 457//348
o Roof_Fascia_B_L
v -2.452022 -0.371525 -9.450000
v -2.452022 -0.261525 -9.450000
v 0.000000 5.719016 -9.450000
v 0.000000 5.609015 -9.450000
v -2.452022 -0.371525 -9.510000
v -2.452022 -0.261525 -9.510000
v 0.000000 5.719016 -9.510000
v 0.000000 5.609015 -9.510000
vn -0.0000 -0.0000 1.0000
vn -0.0000 -0.0000 -1.0000
vn -1.0000 -0.0000 -0.0000
vn -0.9253 0.3794 -0.0000
vn 1.0000 -0.0000 -0.0000
vn 0.9253 -0.3794 -0.0000
s 0
usemtl C_Timber
f 465//349 468//349 467//349 466//349
f 472//350 469//350 470//350 471//350
f 465//351 466//351 470//351 469//351
f 466//352 467//352 471//352 470//352
f 467//353 468//353 472//353 471//353
f 468//354 465//354 469//354 472//354
o Cabin_Stovepipe
v 1.226011 2.568745 -6.508000
v 1.226011 3.868745 -6.508000
v 1.276011 2.568745 -6.494603
v 1.276011 3.868745 -6.494603
v 1.312613 2.568745 -6.458000
v 1.312613 3.868745 -6.458000
v 1.326011 2.568745 -6.408000
v 1.326011 3.868745 -6.408000
v 1.312613 2.568745 -6.358000
v 1.312613 3.868745 -6.358000
v 1.276011 2.568745 -6.321397
v 1.276011 3.868745 -6.321397
v 1.226011 2.568745 -6.308000
v 1.226011 3.868745 -6.308000
v 1.176011 2.568745 -6.321397
v 1.176011 3.868745 -6.321397
v 1.139408 2.568745 -6.358000
v 1.139408 3.868745 -6.358000
v 1.126011 2.568745 -6.408000
v 1.126011 3.868745 -6.408000
v 1.139408 2.568745 -6.458000
v 1.139408 3.868745 -6.458000
v 1.176011 2.568745 -6.494603
v 1.176011 3.868745 -6.494603
vn 0.2588 -0.0000 -0.9659
vn 0.7071 -0.0000 -0.7071
vn 0.9659 -0.0000 -0.2588
vn 0.9659 -0.0000 0.2588
vn 0.7071 -0.0000 0.7071
vn 0.2588 -0.0000 0.9659
vn -0.2588 -0.0000 0.9659
vn -0.7071 -0.0000 0.7071
vn -0.9659 -0.0000 0.2588
vn -0.9659 -0.0000 -0.2588
vn -0.0000 1.0000 -0.0000
vn -0.7071 -0.0000 -0.7071
vn -0.2588 -0.0000 -0.9659
vn -0.0000 -1.0000 -0.0000
